Values for phi one first part of the histogramm 
254.672
246.912
252.377
271.175
266.436
274.382
274.91
252.533
234.207
232.299
254.63
265.8
262.394
276.187
264.698
274.949
235.243
265.071
244.703
242.521
250.109
247.56
250.212
243.506
259.173
247.745
264.268
262.139
251.156
263.674
263.428
289.341
224.594
297.664
259.109
244.1
268.345
292.092
295.752
257.878
246.951
263.462
256.46
274.523
303.355
273.771
240.586
280.642
235.197
239.74
245.723
248.292
273.898
697.956
242.839
238.426
244.504
245.328
247.791
260.771
254.839
223.815
478.494
336.095
270.102
240.679
262.696
231.445
216.616
270.238
239.591
213.703
254.209
248.603
284.294
250.533
264.63
239.474
208.129
228.523
286.392
286.625
216.324
252.91
295.061
298.718
241.499
244.56
247.878
247.54
239.367
594.443
412.637
418.625
251.898
259.645
273.073
272.221
251.783
239.209
239.348
230.226
282.74
225.26
210.8
249.085
197.431
197.428
198.798
240.299
223.231
193.153
193.341
206.443
283.019
265.981
230.158
249.774
275.993
237.056
233.968
244.353
235.547
233.214
256.343
225.771
235.708
242.771
235.18
295.71
290.35
307.083
298.971
256.324
201.436
245.903
274.326
274.119
286.489
180.236
213.036
223.479
241.99
332.292
313.046
313.873
283.319
241.557
243.304
236.333
283.487
246.83
243.487
266.002
224.849
224.764
228.708
216.229
207.878
211.686
213.348
265.513
276.092
248.217
267.706
253.981
264.747
240.017
215.338
215.472
210.251
184.299
197.557
246.107
218.212
246.516
225.433
222.107
210.891
211.448
214.197
206.949
232.134
237.672
235.299
196.869
195.443
230.085
242.92
288.28
285.99
269.547
240.255
237.324
289.993
259.591
234.637
207.813
239.766
267.134
277.007
235.759
228.075
228
250.287
230.418
233.063
227.659
225.163
225.37
248.603
214.506
205.53
234.596
253.316
240.949
242.993
259.472
221.735
254.72
235.436
267.937
273.119
286.866
291.217
273.659
198.535
214.377
224.445
256.871
255.148
245.316
227.38
216.545
206.467
205.74
220.976
198.577
227.818
253.672
229.689
224.966
223.234
214.105
219.618
217.582
219.762
246.445
248.579
244.759
257.864
269.423
221.954
230.35
265.282
257.333
260.499
255.061
256.309
240.895
219.815
595.443
354.922
363.297
363.669
263.599
242.01
263.606
236.285
229.723
243.567
230.127
231.275
234.443
231.895
212.978
211.832
218.74
264.482
231.796
241.389
232.832
235.779
241.489
267.294
242.156
190.268
194.457
251.144
192.693
242.783
253.273
259.066
269.401
202.163
207.131
245.968
266.207
242.173
230.316
223.65
239.092
264.219
240.798
213.401
237.706
256.895
249.122
248.214
250.134
226.657
280.847
241.533
282.063
331.085
243.465
267.569
312.869
252.202
256.263
252.766
246.944
239.114
252.73
254.012
241.299
212.73
202.813
253.024
209.09
248.465
254
255.74
255.309
253.611
243.294
217.908
246.964
240.523
211.81
210.591
247.474
243.847
229.328
256.056
251.579
248.019
234.552
256.119
257.56
241.701
242.601
243.17
224.185
239.715
231.63
267.44
227.37
216.679
224.594
215.073
232.825
285.973
287.727
244.511
264.798
261.684
259.852
253.097
233.752
254.662
1368.29
229.766
276.238
283.051
293.742
289.973
300.521
304.109
229.63
252.168
230.426
224.311
232.672
230.221
232.873
217.453
212.049
239.871
225.397
222.063
196.355
215.964
220.749
227.304
750.727
729.455
246.297
248.594
305.645
307.333
297.898
298.672
369.017
442
270.818
250.058
252.662
256.642
255.582
256.701
359.752
288.937
237.221
236.29
221.241
248.384
245.032
237.029
248.839
211.401
234.35
245.277
231.686
265.937
241.071
200.036
206.47
213.124
241.2
222.095
250.805
290.64
292.341
285.148
264.944
256.421
284.689
293.742
253.37
235.414
236.173
202.917
206.766
211.411
211.856
237.56
294.689
359.852
258.197
255.706
226.766
223.723
234.029
260.268
261.496
218.258
860.217
525.521
242.204
193.718
207.633
205.56
221.462
223.572
200.698
223.465
240.645
244.204
278.674
291.328
263
247.418
225.039
224.99
304.384
274.533
232.436
230.187
210.18
229.012
238.19
273.567
245.092
237.91
236.555
237.119
229.302
248.426
244.336
271.294
279.363
269.423
268.606
267.358
244.243
215.64
205.496
227.431
218.002
234.146
245.058
239.742
243.501
258.479
269.051
244.883
227.117
245.238
241.633
187.516
209.523
273.445
250.017
248.28
255.491
244.613
243.182
238.749
272.949
282.912
260.516
248.012
581.844
334.365
296.713
293.599
221.195
231.163
255.572
251.426
258.092
253.616
250.47
269.384
290.491
282.547
247.146
694.26
463.465
444.341
367.574
376.594
375.095
374.185
251.971
215.063
203.426
245.791
228.973
238.786
217.691
209.484
247.667
266.17
266.355
210.445
212.847
205.333
220.861
209.319
210.798
227.818
231.844
249.727
234.543
242.002
285
224.793
259.922
226.637
268.642
234.423
212.951
227.642
250.912
267.496
272.835
302.993
267.382
288.448
272.815
240.246
210.445
264.107
256.387
257.932
280.114
284.516
227.944
262.679
259.949
268.601
266.852
226.144
273.981
248.404
220.017
184.38
192.027
217.506
204.394
256.27
278.628
250.049
258.477
236.591
259.63
241.752
234.319
198.406
195.127
304.26
284.798
264.153
256.433
292.248
269.19
240.168
239.825
251.978
245.56
199.414
277.219
294.044
257.742
248.929
251.713
240.727
248.905
260.243
261.127
226.888
217.771
182.856
225.657
209.039
238.596
243.316
246.482
219.054
260.976
252.217
243.893
250.192
256.859
255.791
263.564
248.852
263.341
266.467
223.533
805.582
796.382
789.842
796.552
527.311
394.659
228.543
269.854
235.706
254.601
271.698
255.477
293.153
235.467
227.129
204.46
214.645
209.513
215.275
213.384
221.594
256.253
257.856
247.01
214.584
278.333
234.796
219.129
232.594
247.92
254.18
238.635
270.934
228.545
239.01
237.299
244.027
218.017
236.567
241.844
270.786
234.796
244.455
251.985
247.949
232.338
260.355
254.015
231.418
196.389
201.616
240.535
233.72
264.594
235.307
246.474
234.482
236.998
240.762
231.783
229.873
244.776
258.842
223.895
240.309
165.134
165.864
172.09
184.599
229.46
294.616
241.893
210.141
274.061
269.302
245.562
233.847
250.363
238.231
218.156
243.217
255.051
255.034
237.849
248.214
213.345
213.737
228.815
248.681
240.066
239.134
252.212
254.195
223.888
223.046
14544.9
5912.71
5927.77
5906.38
5920.1
4331.25
236.479
256.187
221.472
279.852
182.302
195.09
201.647
212.715
212.582
249.18
229.251
243.839
252.287
291.582
226.547
245.764
210.158
269.633
278.567
282.243
292.635
289.109
235.175
209.107
288.117
257.569
260.985
262.599
264.589
227.251
243.582
221.893
260.258
246.934
258.151
286.068
269.214
268.757
246.051
245.255
178.358
270.966
264.869
278.331
356.277
365.645
273.771
296.56
506.835
317.224
274.664
245.642
204.572
203.097
197.341
197.117
234.805
256.431
227.046
234.946
295.127
263.131
258.883
261.331
283.518
261.1
204.613
268.071
258.129
271.2
274.474
272.679
215.27
249.187
283.691
280.871
266.117
249.484
250.01
255.895
302.117
236.44
219.552
219.058
233.465
230.727
211.433
249.798
265.146
248.669
249.552
229.443
234.005
235.929
240.538
235.825
246.012
243.268
230.331
239.36
235.343
212.499
239.134
204.168
279.241
279.776
277.163
223.757
241.735
252.898
222.672
250.533
267.071
248.796
272.693
277.64
268.847
281.036
269.423
282.207
289.28
297.701
183.273
195.26
250.01
265.002
267.022
236.294
288.384
230.912
230.496
283.893
275.905
263.91
241.572
210.17
239.406
256.401
251.063
239.995
273.127
264.136
262.061
261.589
342.231
250.983
429.136
247.998
262.63
307.153
251.443
212.927
265.394
284.883
251.204
250.375
280.635
216.433
216.282
242.567
266.333
254.742
250.698
241.929
216.487
242.112
289.221
227.255
228.669
242.453
237.526
213.221
226.238
191.535
231.214
232.151
242.058
237.837
251.815
238.112
270.689
264.538
286.165
218.034
214.703
212.723
253.667
259.516
277.82
284.007
241.489
230.601
232.26
205.105
213.927
485.652
483.91
429.324
270.929
226.56
250.19
268.686
272.779
261.494
256.667
255.555
231.618
225.545
226.783
208.703
223.35
218.964
242.793
360.311
351.813
205.973
203.569
223.041
247.528
210.968
210.494
239.248
238.389
241.372
225.17
219.871
244.27
241.528
254.693
233.589
265.117
264.912
263.603
243.796
230.864
211.251
258.382
263.662
272.62
293.783
248.448
249.876
252.798
230.219
222.35
181.029
186.611
