Values for phi two second part of the histogramm 
82.3225
81.1353
95.0251
94.483
72.6297
74.0186
82.2253
91.859
65.7237
80.6402
72.4927
82.4797
79.4733
88.6224
89.9222
103.32
63.5276
85.9911
94.2358
89.4214
73.064
61.9327
58.6491
58.5478
58.769
69.8801
71.1086
96.2998
109.759
118.919
91.017
74.5827
71.1637
66.1848
72.0916
91.1515
76.782
81.0462
114.075
105.483
89.1799
88.7277
93.316
74.846
67.9222
76.3258
91.5762
94.3971
90.2342
69.2861
69.1037
79.0656
57.4392
77.9311
71.5438
66.8241
72.4943
57.688
62.2536
64.0543
72.2342
67.3541
82.701
73.2739
89.5818
98.9319
72.4959
70.1548
85.6831
93.3857
95.5219
119.112
115.849
48.8963
65.3525
74.5981
74.4765
85.2026
100.803
100.438
72.9984
83.9757
79.5284
88.1248
89.6337
86.8177
89.3395
107.486
69.2042
78.5519
89.1937
83.2172
81.8558
79.0227
68.2342
65.846
65.6159
73.3233
65.1167
85.9903
84.4335
47.3436
77.8436
87.1337
87.2382
105.618
83.3169
86.0032
76.1216
56.7569
80.9806
86.8452
75.4457
62.7293
144.474
137.113
126.099
93.795
85.0859
95.1248
65.9068
91.8266
98.9335
66.2934
73.7577
58.7083
73.5891
80.3663
82.0251
95.5105
139.812
68.3987
76.5292
82.2318
84.3323
98.1491
116.53
78.4724
76.1767
85.658
90.0178
82.2536
79.5721
70.0186
111.842
100.502
90.1945
69.3395
72.1775
75.6361
68.9611
56.1961
61.1605
69.8784
77.6272
68.2164
64.2553
70.5502
86.7358
73.2925
63.5575
64.4344
80.7464
79.8323
80.8493
103.496
73.6037
67.3947
83.8023
90.0843
92.9141
66.3079
67.3395
53.3387
71.5981
66.2626
81.3776
95.6224
102.814
101.687
129.675
81.7301
86.3387
93.4773
56.2642
51.3177
64.7593
60.5016
78.4368
70.3047
59.278
66.1726
63.2553
92.4708
86.0916
86.4457
84.2496
70.3833
61.6921
115.791
115.767
122.328
67.0065
81.8355
82.1791
79.1961
61.0389
62.0972
74.2212
72.9352
70.2358
95.9652
72.0219
80.825
80.4408
72.8833
97.1183
85.9344
72.7715
91.9959
77.5446
75.0494
77.6256
81.8882
94.3404
74.4895
74.5956
77.0729
71.6313
76.8128
62.017
63.4473
65.795
61.2301
78.5454
105.939
96.8468
100.242
92.6459
69.7066
68.7123
112.624
79.7391
85.1102
67.0122
71.1426
79.419
69.1167
70.4927
88.7496
67.4011
68.6912
81.3015
79.7318
108.84
111.103
94.7277
86.7245
113.471
113.466
101.298
86.7998
84.6726
89.3914
65.6337
65.8971
71.9741
69.4895
90.4457
77.5316
79.2917
79.7739
77.4173
81.2982
79.8185
79.1345
87.987
85.8687
80.3063
77.2382
75.0332
90.0251
89.4765
89.2083
89.5405
61.6426
66.5032
58.0754
69.0227
120.587
85.97
95.6945
70.4554
63.7901
100.152
71.7366
75.564
101.963
124.762
125.875
106.605
106.927
83.7204
60.5454
68.8549
79.1669
79.013
83.4781
76.9919
84.3938
84.017
75.8752
79.0008
70.8306
74.8979
63.6394
72.393
76.3525
80.4263
82.9141
85.8525
75.5057
65.0259
47.3363
45.5049
69.3987
69.8241
81.1977
74.2763
71.0972
69.346
77.0665
89.9911
81.4579
76.0421
60.6175
69.7901
75.7569
85.0478
94.8193
91.5381
73.6045
83.7771
88.0348
70.325
74.4465
86.7204
81.1694
76.8088
81.1985
78.205
85.013
88.1426
57.3339
70.9619
79.6831
59.8225
62.6815
61.872
68.0057
64.3015
90.3841
75.1207
110.071
104.384
106.893
88.0365
93.7107
100.761
95.2917
67.0073
80.56
79.8728
69.1702
77.9489
68.5243
84.7747
88.2715
84.3136
84.6848
84.8112
82.987
57.1767
72.1442
73.6329
65.7885
69.1434
74.1815
73.4724
74.59
69.0981
75.9676
85.9652
97.8476
72.3768
93.3647
76.1078
91.8606
87.3947
95.8209
101.545
82.0429
70.6451
58.3533
56.4562
62.184
83.423
110.314
68.3849
74.0511
85.2472
86.9968
84.6759
89.4173
89.1621
76.6118
85.9781
75.7026
74.637
76.2804
61.4498
80.9935
83.0324
80.3963
77.688
78.9449
73.5348
77.1937
62.1791
64.9733
60.0138
66.1378
71.5235
91.5851
84.1613
84.5851
73.8387
80.3079
70.1653
76.5543
82.5049
86.252
75.2658
47.0713
76.3995
72.7755
55.5292
67.6361
91.0446
80.1467
66.0559
74.3752
73.2666
96.9757
75.6929
91.1207
88.9489
90.2699
73.5567
83.1669
78.9733
97.483
92.8436
87.4676
83.0583
78.9676
71.3071
72.1086
67.1337
66.2828
61.9708
71.9084
74.7464
65.9408
71.5251
79.752
76.5827
84.1459
72.7561
73.6337
77.7828
93.4854
90.983
103.269
107.746
100.1
99.7431
102.778
101.472
86.0608
80.4011
59.6426
72.3015
73.2455
90.4571
95.684
95.09
87.9895
122.295
90.124
86.1353
75.8088
73.8379
47.6321
64.513
96.547
81.0705
105.365
101.612
86.2018
88.6669
85.3566
88.3404
102.066
75.1686
83.9465
84.7366
97.6694
87.8728
62.9903
62.1434
68.1969
89.0519
96.0348
95.7626
103.585
83.0154
74.6856
86.3825
82.4133
97.547
79.1661
96.0381
80.1288
76.0502
82.4052
82.0211
77.4968
73.6135
80.8015
66.1613
59.9814
76.5438
65.5162
100.809
107.78
84.4976
87.8533
86.8225
112.375
75.7861
80.017
91.4643
63.9716
71.9757
96.0276
95.0348
72.9595
100.615
85.7925
84.6969
83.5081
83.5956
94.9335
89.7018
90.7561
71.3922
75.0243
74.1442
62.5502
81.4676
63.9408
64.3071
88.641
81.3136
62.3549
75.3485
82.9279
81.2723
114.053
114.395
70.0049
72.7707
69.269
67.7634
86.3776
79.8436
89.0908
72.5446
82.5891
83.5697
94.2285
98.4044
85.0989
84.2707
104.422
94.7593
93.7269
79.3525
80.654
76.9222
69.8387
63.8703
63.9457
82.09
80.94
78.4627
72.4506
75.2439
75.4684
77.0089
85.5713
55.3744
76.9287
80.0956
80.8233
80.0162
63.0284
57.7682
87.0794
95.1629
95.141
90.3258
63.7528
49.6232
86.9117
73.3282
44.47
70.5041
67.6532
86.919
85.1499
73.3971
123.856
65.0194
58.0081
79.6045
75.7626
81.1669
80.7585
61.5041
108.461
80.7577
83.4117
87.3987
95.6888
98.9571
68.919
72.111
69.013
53.5316
64.8371
55.8404
65.3006
96.581
85.4206
86.1248
58.359
93.3395
90.4862
97.316
97.1135
77.1653
67.6515
87.8784
94.859
101.601
108.242
78.4619
87.0081
85.5243
79.7998
72.8493
77.534
79.7853
81.5964
86.2844
86.9214
101.267
82.4506
83.6224
106.744
86.5438
82.5956
97.6702
86.4335
87.5122
59.7666
60.4417
87.1094
78.2699
85.0519
85.1256
79.7172
58.8809
56.2075
68.0203
76.423
76.6831
95.5049
91.953
69.09
72.5519
51.2796
59.97
109.74
103.431
90.0908
82.0227
78.4968
75.7536
85.8833
81.453
52.2682
65.2334
74.1807
90.919
73.6848
77.7885
73.2318
59.47
54.3217
57.5818
57.3258
72.6734
105.503
80.9498
88.4109
89.5964
81.5097
83.3582
93.7699
62.3509
44.6767
63.1524
81.628
107.467
86.0567
83.701
77.8712
84.1572
99.7836
99.8817
66.9846
59.6726
73.4789
90.9198
96.9627
80.8833
72.265
84.466
100.359
78.2796
92.3784
89.3663
84.6694
73.6742
75.5608
78.628
78.0689
75.4368
77.8023
77.0446
76.9465
72.4449
106.07
92.0089
87.5446
95.3736
90.8574
92.2828
99.6848
94.8152
78.1053
87.6759
83.0737
94.1467
86.735
85.5875
86.6183
88.1742
70.624
64.5332
60.0843
58.3071
66.4724
82.9392
81.8088
79.5097
93.4408
94.1686
88.3258
78.6507
62.1459
58.3209
55.7464
81.107
78.3266
75.6783
73.436
65.5267
107.859
103.096
102.539
129.265
106.627
70.8768
75.4846
85.4473
91.1734
79.4117
88.9335
70.0583
65.0235
108.609
108.901
71.3671
59.5511
65.1232
70.5397
77.2066
83.7618
94.6953
59.0454
50.013
52.7909
54.7058
58.4935
65.218
65.1216
69.2026
89.9781
69.7998
85.2293
88.5429
62.1418
55.9506
99.637
99.637
78.2261
78.8193
94.1888
74.4449
83.675
66.9708
93.2083
73.5267
78.6224
80.171
81.0592
89.7836
88.2042
63.0357
62.9716
66.0729
60.9635
74.5721
70.2066
90.1524
107.343
77.5211
58.8639
59.0008
65.7626
67.7083
77.9149
78.8209
92.3079
87.718
84.2447
66.6588
94.2585
93.2358
86.1661
63.7869
55.7877
81.2172
79.1807
79.171
59.4652
68.5357
88.0154
68.4076
82.91
82.0583
69.5154
102.828
101.63
100.498
84.3517
115.529
114.981
89.0932
63.6045
63.7188
68.2909
65.3947
86.9522
83.2707
100.993
82.5348
82.9028
81.611
62.8671
76.4335
89.3071
73.5122
71.5916
103.171
96.2293
93.7472
96.2439
109.113
116.606
88.9036
79.342
79.5454
75.8428
72.1264
66.5081
76.8476
100.581
117.7
120.585
120.655
100.766
91.0105
74.8185
54.2261
68.9044
81.3841
49.8752
74.9019
83.4579
70.5041
72.0316
92.6394
42.2318
69.8306
99.1637
76.6856
97.4895
83.2374
87.0583
88.8428
81.7358
67.0097
56.7172
80.7755
77.6718
73.4214
90.936
107.387
108.853
76.9295
61.0348
82.3476
92.0397
99.5648
100.331
82.1183
85.9011
65.329
65.3995
83.9959
84.5113
71.6548
73.637
77.3874
79.2828
78.658
91.8444
89.7901
92.6864
71.1921
83.3071
86.2253
83.3703
86.4481
61.752
76.3679
62.8063
78.0835
70.4182
78.8558
81.047
88.5511
78.654
76.248
71.3509
87.0575
83.9465
94.2877
95.6467
81.7812
85.3233
81.8347
78.0705
81.6159
87.205
