Values for phi two second part of the histogramm 
93.5389
92.3274
86.9287
86.2431
94.577
82.8241
81.6378
73.8412
48.5932
48.5308
47.6426
50.8817
47.3112
50.7707
54.4862
55.6515
61.9895
60.6532
55.5729
61.6021
62.7464
55.9473
57.316
62.8695
120.212
102.847
102.523
99.7147
101.111
103.437
102.363
106.093
64.0421
89.3428
81.1288
78.3971
78.3136
59.6434
88.7415
92.3784
76.2942
84.0194
75.9327
76.154
96.594
93.5908
91.9887
97.5762
88.316
78.4481
90.094
85.393
75.4927
60.3047
60.0462
72.4587
117.417
105.43
113.213
106.839
95.4352
99.8598
57.1831
59.1815
95.8274
93.6945
100.112
106.635
101.994
108.881
80.6686
74.4076
82.0332
112.147
100.622
105.701
102.737
75.8347
80.0794
69.0689
80.0138
79.9036
94.1637
78.9133
79.4311
93.795
82.0194
78.1191
71.2472
72.9724
70.8071
73.9368
67.2147
65.9724
52.06
59.1637
67.842
77.5891
86.6605
84.3614
80.9141
56.1118
73.752
72.2707
65.9214
73.3776
81.5835
79.8825
85.107
70.863
69.3501
82.5446
71.8517
63.581
119.986
123.486
104.6
97.4514
90.3744
72.0535
77.2869
76.5494
69.8444
80.8323
72.8549
54.1726
60.3023
63.1062
61.2828
74.8687
89.2731
105.691
86.0016
61.3501
67.6159
53.6045
56.8177
65.5665
74.7423
83.8517
107.064
69.4295
66.4368
58.1823
60.7496
77.8776
73.5835
73.6248
62.782
66.0964
63.2318
67.5705
80.154
105.887
61.3663
61.6483
94.8152
68.3566
55.3914
73.1426
64.9676
59.2674
71.1953
72.5041
78.0818
83.269
76.8201
79.4595
76.5543
83.3517
72.5665
75.8509
75.2382
87.4449
90.1677
89.2925
95.799
95.6175
94.9943
71
79.59
82.7237
81.7925
66.03
80.8501
68.171
63.3209
59.2229
63.3331
91.5583
85.6613
76.2788
84.0365
107.529
103.241
69.4716
77.9141
78.1353
113.786
135.16
123.213
106.039
91.2755
66.9182
65.7464
52.3023
73.3193
96.7407
88.1175
74.8971
69.0405
77.7293
79.5916
84.9822
81.9352
81.5032
85.7788
87.6605
81.9246
112.468
53.4595
76.2447
80.4092
80.8639
77.5997
77.7966
68.064
71.8849
77.9254
55.4822
86.1718
82.5429
73.1515
69.8598
46.3979
45.4684
70.2618
72.7115
104.007
84.8339
88.4449
83.9392
80.3476
76.9481
97.5267
81.1386
91.1702
121.058
96.5754
90.9368
73.5786
92.6337
80.3865
61.4951
70.8144
77.2715
76.2164
93.0154
82.3039
71.269
94.4368
93.3752
82.0113
82.7423
99.2358
90.778
77.3995
90.7472
82.2147
85.0794
69.3339
68.2747
66.2496
67.0575
88.1426
87.0527
88.8031
74.9757
95.7099
101.516
97.8655
100.709
73.5105
69.269
74.3914
90
82.2415
83.2877
78.3549
82.8744
75.7464
91.4295
99.1767
80.641
69.9627
79.0284
82.3963
78.9603
68.9716
70.671
58.2536
101.269
98.2788
74.953
63.8671
93.1442
79.3671
84.1564
72.5203
65.9206
55.4895
49.7561
87.3874
83.0867
67.231
65.6151
81.8379
57.346
67.3671
78.2553
90.6548
73.8809
71.8906
91.9733
92.2577
80.8015
74.9611
84.2828
90.8031
82.6823
82.9417
84.2245
104.308
106.688
85.1564
57.6264
77.4214
76.0746
76.2447
78.1564
89.2893
81.4319
79.5081
83.0721
111.795
66.5891
63.8955
73.7682
67.0908
79.9668
73.5373
75.47
86.3793
69.5041
85.3047
74.0227
95.3031
100.566
90.6272
92.2147
92.7034
91.0527
77.5754
73.0405
80.8849
80.3728
79.9117
77.389
71.778
104.795
92.8363
97.2553
98.3144
96.9579
82.6661
104.575
95.5348
93.2277
87.9117
89.9376
86.5429
114.919
129.005
95.7901
91.175
94.5122
66.4222
79.2245
94.8493
102.586
95.0397
57.4149
96.3493
61.3671
80.6224
85.8274
86.346
76.9571
84.5932
86.2334
78.4319
78.8015
86.6864
69.6856
63.8071
71.1653
70.9076
71.6167
73.128
70.1434
65.0081
64.0932
71.1167
78.3574
77.1199
91.5697
77.0065
70.9976
74.8614
80.8671
81.0875
68.4376
49.8841
70.3509
98.8055
81.2504
81.8436
77.752
63.0583
68.2083
80.3274
76.5494
76.9522
77.1159
79.6062
69.2488
68.3096
81.8298
83.7366
80.5656
64.9214
65.3947
71.0097
68.7682
83.8825
75.8574
68.6977
79.0689
82.7512
80.3193
88.4498
127.87
121.938
107.645
85.5348
60.5778
56.6329
75.1807
67.3177
71.6183
74.7804
93.2156
93.1929
78.8541
79.4538
74.7455
84.5267
82.5754
103.088
91.5146
86.8809
88.4838
69.218
83.0438
83.1053
111.434
109.502
69.9036
70.1086
100.289
89.6078
57.0227
81.6742
77.06
76.9044
82.8233
84.0211
84.2253
66.5535
68.9741
73.3874
86.0162
84.1248
55.2812
68.7139
75.799
79.0243
77.7715
86.2869
96.8639
92.9279
83.5227
93.7374
79.5567
87.0737
71.137
77.1499
75.376
66.3015
56.0211
79.9741
79.6021
79.0883
66.6532
79.9441
99.8801
79.6896
75.2277
71.0016
74.7885
94.2707
74.3387
65.8306
66.1321
58.2545
53.5097
56.5073
73.5891
73.0065
53.9708
43.1807
90.7156
93.7447
80.0397
70.705
70.1078
62.6426
83.8914
71.3468
76.1669
72.1272
83.9246
87.5616
82.6053
76.5138
75.7958
83.9538
88.5891
98.1175
79.889
94.269
106.207
103.818
82.534
86.013
105.822
85.1977
78.799
89.0737
72.4182
67.0762
116.707
82.2877
74.8825
80.1126
80.081
87.7998
84.9376
97.3833
63.8128
84.4149
78.2374
63.2156
63.6459
67.6767
73.9254
78.4992
63.5211
75.778
69.7796
81.3379
107.845
106.601
82.9084
76.6264
71.154
79.8233
90.5729
81.4327
85
90.0122
105.076
111.958
79.6945
114.368
121.282
71.2788
68.2755
77.3233
75.6556
45.4279
72.1045
58.0348
96.4019
53.1937
72.5251
58.1977
79.0624
60.1831
75.7553
74.8736
72.3898
74.3541
74.9311
77.7139
77.7091
78.9279
81.1653
89.1232
85.7472
92.8963
99.342
99.4109
87.0032
94.8687
73.7642
80.9895
100.066
114.665
82.7609
77.3015
73.825
79.7042
98.1297
83.0713
68.8833
66.4546
76.4019
60.0373
62.8574
105.793
89.0429
110.663
104.772
107.306
95.2139
78.3922
83.9084
84.3712
64.9311
69.7496
83.5616
76.3849
91.1912
101.529
70.1313
70.6726
128.957
73.0827
66.9449
82.5203
53.3979
61.2447
95.4173
70.8201
107.169
106.482
91.4441
84.5754
77.863
67.2601
74.0916
63.923
89.701
78.5462
81.5284
80.7066
71.6143
79.1572
79.7763
90.2836
79.4441
75.3485
89.9854
90.312
76.5122
75.2164
77.7245
72.3387
73.8023
67.4028
60.7853
77.7861
76.4668
71.7739
70.8298
71.4052
65.4133
79.1969
80.8152
77.4117
88.0227
86.9076
91.4036
85.4092
77.3476
82.5154
55.1045
65.1094
65.1718
67.3817
67.628
65.4425
80.2455
81.1783
75.4603
67.799
75.9554
80.1507
79.5405
55.3703
67.863
72.5567
71.5932
70.218
70.91
90.1005
97.064
98.7115
84.5656
84.6856
61.2731
68.7885
93.5624
87.6605
85.5162
85.3874
73.9117
66.4311
73.8241
71.4068
79.0008
111.34
93.8898
92.3801
65.9335
71.3898
58.4895
67.2747
60.2277
71.8857
71.8274
149.879
91.3614
84.7674
65.9668
70.6045
81.3501
73.6013
59.2536
77.9149
74.59
79.8185
78.2901
76.3979
81.9392
94.7812
83.487
79.5592
73.94
66.8144
60.6361
68.034
67.4368
63.0446
106.898
61.0186
70.5891
64.6645
91.3525
96.3298
99.7366
92.2942
92.2942
84.8404
82.3136
81.4741
73.1791
80.8793
85.3687
71.5397
73.3736
75.5478
91.547
82.2156
82.0243
84.6524
50.3671
49.8144
50.171
89.6718
86.7642
76.7585
84.6216
75.3558
76.3241
66.7196
69.5138
86.3784
79.8436
77.936
110.977
91.4303
86.4084
82.1953
83.0016
89.4311
68.7682
76.5843
67.3744
95.2091
89.9757
88.5867
98.4335
62.7788
71.3995
81.7763
66.0746
75.1126
71.3476
69.7229
96.9676
96.9441
68.4449
59.2634
63.9708
66.5186
93.7066
90.141
84.9384
74.0267
62.5462
75.3225
101.002
87.7156
88.9368
108.088
66.765
89.6904
83.9781
90.9571
53.7642
62.1475
85.4352
76.9797
83.3015
83.0948
74.8947
86.9141
61.3679
85.3963
84.4149
84.906
97.8712
97.9214
98.0089
97.7269
82.3849
97.9587
82.7447
88.47
88.7366
77.9344
68.3679
96.812
87.8606
90.3387
91.7115
91.9263
95.5697
84.4927
88.9846
98.094
87.8023
56.3784
67.6418
66.4068
79.1135
63.1759
77.141
80.1864
99.6005
102.769
95.2609
95.5527
80.9028
78.1256
75.5032
71.0519
64.1459
90.7431
71.6216
72.4838
65.7869
62.3671
85.4092
84.1402
75.7593
68.2002
84.722
84.5964
75.7763
63.6337
60.4724
65.1783
90.8841
92.1167
76.842
80.4668
76.8703
95.7763
69.3817
73.064
69.6394
74.1783
76.7139
87.423
76.0276
125.561
84.6167
60.1378
79.3809
77.6588
78.7091
79.9733
78.2577
52.5421
82.2536
65.0429
100.211
115.468
120.874
86.3525
74.0729
122.397
80.2464
61.7026
68.4473
81.9935
84.0859
59.3063
57.9741
75.1507
94.2407
82.9036
61.1524
51.9044
54.0478
80.6507
97.0681
138.741
101.973
79.7869
110.588
109.973
104.07
72.7285
69.0932
74.5324
81.2196
56.8088
97.8663
73.7115
74.9627
86.4887
71.9708
69.2618
75.9392
86.2382
95.4368
91.0778
78.5389
79.641
77.9076
85.0008
84.4652
114.364
77.3793
79.3144
72.047
67.9473
81.6864
98.6775
70.7164
67.701
73.8152
66.6759
70.987
73.2853
66.47
