Values for phi one first part of the histogramm 
211.207
214.637
211.523
216.538
234.842
214.569
219.647
233.835
280.973
268.859
258.29
244.462
241.903
237.92
231.307
230.448
245.326
239.251
452.066
403.956
419.966
417.095
422.657
328.075
306.954
284.701
279.465
282.676
276.2
281.55
252.501
272.786
238.516
252.409
246.034
262.236
261.002
276.798
254.713
253.248
248.572
219.401
230.109
224.168
282.431
239.015
220.382
238.131
245.153
300.895
297.107
295.8
305.873
310.097
274.837
202.129
269.45
244.489
501.022
355.805
385.55
381.9
377.844
225.715
229.273
204.903
240.771
228.543
229
222.526
234.547
266.255
223.706
282.039
271.224
266.414
266.647
264.701
251.932
244.431
264.652
261.891
232.723
245.998
248.467
235.039
235.063
210.825
221.387
247.039
190.871
184.83
189.528
220.983
243.917
260.292
224.869
256.708
270.09
289.175
296.496
317.416
283.436
300.608
248.494
215.372
222.9
216.165
214.849
245.231
240.156
268.202
247.686
274.416
193.268
277.367
271.248
278.657
253.942
251.484
275.238
1833.82
1829.83
1014.35
1048.41
1056.06
758.876
649.71
250.557
262.613
263.513
248.255
238.545
239.26
271.552
262.226
1124.3
488.669
489.436
491.893
503.555
487.479
464.708
211.234
311.494
235.91
208.482
199.596
206.961
234.365
235.117
222.516
282.426
247.29
207.577
215.297
256.2
237.436
230.506
257.102
212.506
251.491
256.265
240.192
237.545
265.45
253.557
243.727
243.131
238.572
221.243
239.355
241.246
231.212
232.453
245.26
253.689
408.908
406.54
241.426
242.389
234.477
229.893
224.309
240.518
244.895
245.341
304.292
295.949
267.409
232.404
269.657
227.255
223.163
230.263
247.058
273.742
268.474
612.757
240.448
228.803
240.375
235.71
262.139
276.771
263.477
263.742
228.234
225.934
218.701
210.567
241.088
229.832
220.268
229.625
263.927
256.917
245.985
250.72
274.791
252.353
242.404
238.839
260.324
256.158
224.898
270.375
262.202
255.027
289.387
499.255
231.961
221.635
233.068
232.394
235.8
236.637
238.793
215.74
220.618
231.375
235.326
294.311
264.248
225.029
280.358
265.922
230.783
276.959
261.978
252.44
247.129
264.192
241.219
8198.49
280.669
278.204
287.273
230.268
240.633
275.818
274.664
286.973
284.81
708.791
760.798
248.399
230.17
233.954
245.258
255.557
229.779
219.586
229.856
254.019
261.097
249.338
218.968
222.358
219.331
250.927
244.234
247.937
269.944
256.742
240.075
229.195
217.83
263.122
266.024
279.934
249.153
231.83
224.119
233.202
265.718
310.589
289.479
251.049
247.628
254.564
245.564
216.445
254.204
237.392
236.355
219.927
465.613
302.912
305.92
242.487
233.886
236.81
240.338
270.26
237.134
224.012
226.005
218.117
217.839
249.737
223.192
242.139
241.623
517.287
325.107
276.092
265.562
264.956
236.749
199.153
164.036
242.29
227.939
214.942
237.078
238.107
224.482
279.197
349.375
249.058
237.628
219.029
196.703
192.623
215.01
305.012
269.328
224.187
234.599
213.706
255.788
237.054
216.287
262.876
278.968
198.927
215.129
227.71
248.625
257.976
604.484
358.046
281.912
237.01
246.197
275.474
264.08
223.355
203.803
216.869
218.494
273.842
247.085
237.934
220.114
272.046
249.472
436.348
352.509
464.774
250.236
250.718
279.667
198.623
221.647
265.47
268.949
271.589
219.873
213.533
193.662
217.394
217.404
237.611
234.835
280.472
278.803
244.462
206.214
203.859
256.428
231.647
256.582
254.029
252.309
232.983
212.265
221.723
236.966
248.706
225.17
228.521
243.567
204.499
232.105
248.404
292.72
241.881
220.343
236.399
231.156
215.577
218.676
207.418
201.005
260.659
261.066
243.029
259.348
226.516
281.864
281.749
227.002
231.881
270.494
275.628
276
261.178
260.467
234.625
244.72
1271.15
269.888
208.431
214.871
232.085
222.686
218.764
224.173
215.2
252.445
255.995
235.932
281.173
258.752
260.141
262.564
646.869
257.946
261.085
271.613
249.426
216.818
260.019
219.818
220.686
362.238
294.783
281.959
287.708
245.443
271.504
259.966
297.606
279.533
277.46
311.1
238.063
219.99
215.762
1015.3
229.102
223.856
214.611
235.367
233.769
256.229
255.564
236.837
257.431
273.54
296.341
272.698
259.482
242.263
224.754
208.961
240.343
238.178
231.844
262.457
209.891
261.109
306.078
257.309
210.185
204.735
230.594
256.314
262.827
273.185
455.35
892.898
217.134
318.333
461.954
421.153
325.17
237.893
242.112
200.659
282.866
245.217
223.224
238.022
230.9
251.127
234.562
261.431
262.776
245.246
237.905
223.842
239.467
240.453
230.2
233.883
306.723
248.487
235.063
224.888
239.331
241.815
283.985
287.384
217.394
273.762
252.623
247.005
248.207
189.535
201.954
181.088
236.781
206.635
233.513
229.136
233.818
273.08
264.012
237.871
233.82
206.803
228.645
234.864
208.577
199.45
207.749
225.579
297.287
229.988
263.842
217.45
289.737
250.348
220.662
240.2
233.255
272.891
199.929
220.813
244.178
274.255
277.036
238.783
228.591
227.314
200.664
207.893
223.411
234.82
229.706
256.504
234.912
202.161
204.781
215.097
218.214
219.294
226.769
192.078
247.679
236.754
267.869
252.676
223.158
215.448
279.689
253.092
249.058
251.764
242.438
259.265
220.324
203.608
243.131
301.703
320.414
259.949
249.231
256.501
254.066
254.114
213.002
259.499
247.869
209.316
196.234
231.078
757.002
736.878
203.754
254.489
270.873
291.404
264.71
222.971
249.533
237.046
240.355
466.674
460.071
344.088
288.285
282.453
247.655
221.036
248.102
228.842
243.28
288.341
229.248
226.302
235.409
236.175
239.255
262.277
259.294
249.732
270.759
274.954
249.496
242.027
296.613
271.462
230.372
249.477
231.754
245.078
243.837
247.251
336.017
233.72
255.732
306.866
249.745
251.606
220.384
218.99
221.088
236.416
253.448
246.584
230.964
225.842
205.285
241.966
191.477
244.124
246.37
264.453
194.404
232.088
240.995
250.109
220.197
214.652
228.854
253.47
277.691
251.951
243.114
220.36
547.886
322.949
282.903
191.083
218.136
213.521
204.438
194.813
561.209
542.448
382.238
258.243
229.574
228.547
216.616
236.932
271.978
268.173
239.511
235.363
233.479
253.752
230.703
229.29
241.647
230.735
227.041
209.229
216.163
217.474
268.708
252.735
218.569
231.161
214.676
258.328
259.869
232.455
259.635
254.511
277.764
272.119
237.443
275.1
236.572
237.117
224.985
237.044
250.72
246.976
242.01
247.141
246.73
244.022
228.567
225.961
277.859
242.382
243.754
194.557
204.273
215.331
303.856
284.421
210.144
268.538
289.847
216.453
212.603
268.754
271.669
262.754
217.285
195.591
219.141
269.316
264.929
215.871
252.759
235.633
274.577
210.221
219.406
200.676
202.45
247.91
236.474
245.62
257.961
258.019
264.64
243.414
220.17
296.136
290.667
293.745
251.09
230.102
244.411
225.411
232.672
223.399
245.095
225.8
206.966
226.504
239.246
222.567
250.345
246.82
239.511
252.1
229.019
287.343
256.769
200.102
199.207
202.129
256.774
241.964
230.696
224.847
541.569
274.718
270.436
230.64
276.204
246.375
250.606
252.341
214.818
210.511
255.949
232.484
211.019
206.608
230.562
231.949
264.448
213.054
230.423
313.209
220.803
241.516
234.65
249.477
221.737
241.338
222.803
226.017
307.105
293.384
261.431
256.127
245.922
244.662
218.657
235.032
259.567
284.766
272.727
255.628
268.039
241.871
209.465
258.545
214.978
210.328
224.83
226.822
222.504
214.56
228.178
228.09
216.708
216.647
266.479
231.988
263.287
258.847
220.54
246.399
242.372
222.954
239.696
241.431
226.214
245.852
212.608
209.567
243.45
258.387
212.837
229.105
277.599
251.496
269.586
238.599
211.693
198.647
170.068
252.107
280
282.978
210.127
210.146
203.18
192.175
206.467
220.521
261.182
247.791
243.864
247.696
244.854
249.399
223.781
182.606
219.068
213.163
260.803
274.185
241.759
229.068
215.791
269.735
237.509
233.876
291.268
223.387
226.611
219.134
230.793
250.616
246.693
237.786
220.202
245.732
187.579
235.526
236.363
243.8
238.937
238.214
210.049
251.333
241.26
240.438
223.246
244.418
245.022
221.421
211.849
222.779
241.64
240.258
234.019
275.197
251.08
234.53
199.241
228.572
224.109
224.715
227.579
224.742
213.521
237.319
245.951
224.078
264.243
266.762
267.409
207.012
246.071
236.311
215.319
264.703
246.693
246.479
229.367
196.905
257.44
258.384
260.032
245.637
254.964
250
274.217
273.311
271.275
206.998
250.718
251.701
223.742
233.752
